697 542 377774 377774
995 893 888535 1266309
408 907 370056 1636365
893 282 251826 1888191
313 566 177158 2065349
964 183 176412 2241761
743 40 29720 2271481
241 491 118331 2389812
35 991 34685 2424497
699 136 95064 2519561
970 603 584910 3104471
200 732 146400 3250871
967 199 192433 3443304
521 824 429304 3872608
473 278 131494 4004102
347 457 158579 4162681
324 773 250452 4413133
460 152 69920 4483053
331 186 61566 4544619
197 390 76830 4621449
774 494 382356 5003805
758 549 416142 5419947
485 656 318160 5738107
938 190 178220 5916327
326 51 16626 5932953
304 567 172368 6105321
165 576 95040 6200361
906 352 318912 6519273
508 347 176276 6695549
793 679 538447 7233996
38 430 16340 7250336
611 673 411203 7661539
339 558 189162 7850701
716 978 700248 8550949
847 535 453145 9004094
242 61 14762 9018856
371 193 71603 9090459
173 850 147050 9237509
566 907 513362 9750871
412 399 164388 9915259
905 46 41630 9956889
920 500 460000 10416889
927 865 801855 11218744
371 913 338723 11557467
254 979 248666 11806133
614 684 419976 12226109
841 422 354902 12581011
292 172 50224 12631235
668 298 199064 12830299
788 698 550024 13380323
241 230 55430 13435753
513 152 77976 13513729
762 255 194310 13708039
199 330 65670 13773709
716 272 194752 13968461
181 411 74391 14042852
830 669 555270 14598122
490 309 151410 14749532
597 806 481182 15230714
911 931 848141 16078855
877 212 185924 16264779
242 138 33396 16298175
624 989 617136 16915311
232 970 225040 17140351
749 304 227696 17368047
499 106 52894 17420941
666 746 496836 17917777
436 226 98536 18016313
333 877 292041 18308354
849 387 328563 18636917
846 509 430614 19067531
690 845 583050 19650581
671 693 465003 20115584
151 226 34126 20149710
662 390 258180 20407890
586 859 503374 20911264
162 392 63504 20974768
235 965 226775 21201543
836 254 212344 21413887
81 63 5103 21418990
148 501 74148 21493138
565 716 404540 21897678
812 235 190820 22088498
933 530 494490 22582988
685 485 332225 22915213
372 990 368280 23283493
780 194 151320 23434813
158 500 79000 23513813
783 720 563760 24077573
830 674 559420 24636993
542 769 416798 25053791
340 494 167960 25221751
972 343 333396 25555147
995 93 92535 25647682
632 3 1896 25649578
151 607 91657 25741235
253 471 119163 25860398
186 635 118110 25978508
109 407 44363 26022871
231 530 122430 26145301
721 360 259560 26404861
764 403 307892 26712753
700 804 562800 27275553
618 688 425184 27700737
862 757 652534 28353271
448 304 136192 28489463
761 362 275482 28764945
937 417 390729 29155674
31 324 10044 29165718
786 325 255450 29421168
216 115 24840 29446008
553 306 169218 29615226
247 444 109668 29724894
647 88 56936 29781830
920 442 406640 30188470
876 103 90228 30278698
658 434 285572 30564270
25 629 15725 30579995
207 846 175122 30755117
48 779 37392 30792509
623 278 173194 30965703
494 74 36556 31002259
35 522 18270 31020529
186 822 152892 31173421
775 741 574275 31747696
202 822 166044 31913740
282 383 108006 32021746
729 896 653184 32674930
447 361 161367 32836297
395 872 344440 33180737
988 272 268736 33449473
101 388 39188 33488661
551 577 317927 33806588
191 793 151463 33958051
744 26 19344 33977395
140 452 63280 34040675
887 632 560584 34601259
835 39 32565 34633824
66 401 26466 34660290
474 260 123240 34783530
126 874 110124 34893654
60 400 24000 34917654
18 684 12312 34929966
770 406 312620 35242586
312 245 76440 35319026
936 201 188136 35507162
970 306 296820 35803982
770 300 231000 36034982
17 145 2465 36037447
204 15 3060 36040507
592 786 465312 36505819
903 387 349461 36855280
977 422 412294 37267574
412 540 222480 37490054
331 930 307830 37797884
647 169 109343 37907227
624 260 162240 38069467
364 706 256984 38326451
572 99 56628 38383079
162 620 100440 38483519
963 810 780030 39263549
381 182 69342 39332891
154 418 64372 39397263
307 576 176832 39574095
872 424 369728 39943823
542 342 185364 40129187
71 788 55948 40185135
208 451 93808 40278943
876 225 197100 40476043
97 553 53641 40529684
932 42 39144 40568828
29 665 19285 40588113
903 998 901194 41489307
660 171 112860 41602167
769 195 149955 41752122
780 304 237120 41989242
86 199 17114 42006356
956 616 588896 42595252
982 695 682490 43277742
585 888 519480 43797222
422 906 382332 44179554
397 873 346581 44526135
354 754 266916 44793051
815 211 171965 44965016
343 66 22638 44987654
672 904 607488 45595142
681 259 176379 45771521
832 942 783744 46555265
484 780 377520 46932785
343 393 134799 47067584
356 496 176576 47244160
925 579 535575 47779735
702 403 282906 48062641
673 873 587529 48650170
147 896 131712 48781882
70 323 22610 48804492
153 346 52938 48857430
738 463 341694 49199124
993 379 376347 49575471
305 729 222345 49797816
673 348 234204 50032020
813 553 449589 50481609
535 550 294250 50775859
383 579 221757 50997616
576 484 278784 51276400
272 737 200464 51476864
580 211 122380 51599244
893 368 328624 51927868
393 508 199644 52127512
184 205 37720 52165232
249 915 227835 52393067
495 101 49995 52443062
662 103 68186 52511248
118 597 70446 52581694
968 629 608872 53190566
676 360 243360 53433926
678 598 405444 53839370
341 306 104346 53943716
527 202 106454 54050170
666 372 247752 54297922
732 488 357216 54655138
913 885 808005 55463143
337 865 291505 55754648
798 769 613662 56368310
132 976 128832 56497142
90 998 89820 56586962
720 893 642960 57229922
361 619 223459 57453381
773 817 631541 58084922
262 292 76504 58161426
9 28 252 58161678
579 23 13317 58174995
370 656 242720 58417715
748 154 115192 58532907
663 830 550290 59083197
417 364 151788 59234985
947 551 521797 59756782
385 221 85085 59841867
410 27 11070 59852937
203 50 10150 59863087
425 96 40800 59903887
657 805 528885 60432772
764 125 95500 60528272
3 361 1083 60529355
9 725 6525 60535880
258 517 133386 60669266
734 173 126982 60796248
567 929 526743 61322991
458 106 48548 61371539
904 99 89496 61461035
304 344 104576 61565611
474 433 205242 61770853
292 452 131984 61902837
671 8 5368 61908205
157 964 151348 62059553
481 28 13468 62073021
120 742 89040 62162061
932 682 635624 62797685
584 430 251120 63048805
447 144 64368 63113173
18 3 54 63113227
803 2 1606 63114833
498 989 492522 63607355
267 568 151656 63759011
790 400 316000 64075011
565 976 551440 64626451
117 353 41301 64667752
702 607 426114 65093866
775 709 549475 65643341
728 176 128128 65771469
732 727 532164 66303633
999 652 651348 66954981
780 700 546000 67500981
729 462 336798 67837779
105 648 68040 67905819
906 654 592524 68498343
881 852 750612 69248955
822 522 429084 69678039
874 978 854772 70532811
233 399 92967 70625778
474 473 224202 70849980
638 197 125686 70975666
611 521 318331 71293997
364 693 252252 71546249
53 996 52788 71599037
547 235 128545 71727582
749 65 48685 71776267
696 733 510168 72286435
101 606 61206 72347641
606 572 346632 72694273
104 125 13000 72707273
627 539 337953 73045226
983 406 399098 73444324
537 478 256686 73701010
305 547 166835 73867845
324 352 114048 73981893
758 823 623834 74605727
155 143 22165 74627892
220 494 108680 74736572
24 76 1824 74738396
996 77 76692 74815088
153 549 83997 74899085
974 546 531804 75430889
406 100 40600 75471489
684 435 297540 75769029
36 14 504 75769533
302 244 73688 75843221
934 996 930264 76773485
184 150 27600 76801085
457 435 198795 76999880
692 366 253272 77253152
294 439 129066 77382218
238 489 116382 77498600
199 347 69053 77567653
676 397 268372 77836025
850 573 487050 78323075
534 475 253650 78576725
558 350 195300 78772025
545 931 507395 79279420
870 756 657720 79937140
458 213 97554 80034694
72 716 51552 80086246
135 803 108405 80194651
119 226 26894 80221545
443 526 233018 80454563
652 762 496824 80951387
915 54 49410 81000797
685 223 152755 81153552
660 757 499620 81653172
401 390 156390 81809562
677 473 320221 82129783
368 274 100832 82230615
387 806 311922 82542537
673 924 621852 83164389
544 205 111520 83275909
990 513 507870 83783779
115 860 98900 83882679
452 49 22148 83904827
672 248 166656 84071483
15 506 7590 84079073
284 616 174944 84254017
732 173 126636 84380653
26 691 17966 84398619
483 470 227010 84625629
999 441 440559 85066188
463 840 388920 85455108
317 971 307807 85762915
797 491 391327 86154242
247 67 16549 86170791
453 52 23556 86194347
231 244 56364 86250711
216 829 179064 86429775
552 537 296424 86726199
185 377 69745 86795944
300 903 270900 87066844
61 613 37393 87104237
106 584 61904 87166141
145 411 59595 87225736
139 18 2502 87228238
158 236 37288 87265526
861 544 468384 87733910
103 378 38934 87772844
172 254 43688 87816532
812 458 371896 88188428
256 397 101632 88290060
132 458 60456 88350516
441 730 321930 88672446
410 879 360390 89032836
80 361 28880 89061716
3 489 1467 89063183
692 445 307940 89371123
630 252 158760 89529883
755 275 207625 89737508
528 294 155232 89892740
540 523 282420 90175160
404 857 346228 90521388
795 571 453945 90975333
158 220 34760 91010093
763 816 622608 91632701
872 912 795264 92427965
459 72 33048 92461013
185 530 98050 92559063
114 891 101574 92660637
746 254 189484 92850121
232 873 202536 93052657
365 668 243820 93296477
511 416 212576 93509053
914 595 543830 94052883
85 479 40715 94093598
12 677 8124 94101722
280 994 278320 94380042
882 540 476280 94856322
830 639 530370 95386692
45 101 4545 95391237
242 987 238854 95630091
534 500 267000 95897091
130 566 73580 95970671
305 194 59170 96029841
386 814 314204 96344045
248 686 170128 96514173
738 398 293724 96807897
263 840 220920 97028817
814 32 26048 97054865
507 433 219531 97274396
703 269 189107 97463503
333 588 195804 97659307
976 376 366976 98026283
617 616 380072 98406355
464 668 309952 98716307
330 462 152460 98868767
47 160 7520 98876287
813 866 704058 99580345
932 649 604868 100185213
298 181 53938 100239151
395 824 325480 100564631
169 544 91936 100656567
677 950 643150 101299717
104 437 45448 101345165
238 478 113764 101458929
990 466 461340 101920269
67 165 11055 101931324
820 708 580560 102511884
489 883 431787 102943671
369 476 175644 103119315
171 711 121581 103240896
118 212 25016 103265912
865 505 436825 103702737
545 55 29975 103732712
279 179 49941 103782653
396 191 75636 103858289
117 91 10647 103868936
581 752 436912 104305848
765 81 61965 104367813
37 389 14393 104382206
249 933 232317 104614523
110 134 14740 104629263
799 655 523345 105152608
295 401 118295 105270903
703 330 231990 105502893
457 121 55297 105558190
236 202 47672 105605862
248 445 110360 105716222
354 732 259128 105975350
723 806 582738 106558088
721 363 261723 106819811
301 140 42140 106861951
469 571 267799 107129750
219 408 89352 107219102
215 767 164905 107384007
519 445 230955 107614962
907 35 31745 107646707
742 645 478590 108125297
213 651 138663 108263960
942 859 809178 109073138
871 479 417209 109490347
88 805 70840 109561187
24 343 8232 109569419
594 62 36828 109606247
61 432 26352 109632599
353 968 341704 109974303
591 184 108744 110083047
95 398 37810 110120857
198 998 197604 110318461
807 849 685143 111003604
552 461 254472 111258076
201 836 168036 111426112
741 810 600210 112026322
695 640 444800 112471122
908 779 707332 113178454
78 761 59358 113237812
105 818 85890 113323702
451 768 346368 113670070
619 244 151036 113821106
899 374 336226 114157332
541 467 252647 114409979
692 925 640100 115050079
532 861 458052 115508131
463 858 397254 115905385
150 223 33450 115938835
999 372 371628 116310463
43 815 35045 116345508
547 387 211689 116557197
464 280 129920 116687117
337 538 181306 116868423
116 978 113448 116981871
174 116 20184 117002055
177 316 55932 117057987
313 712 222856 117280843
288 39 11232 117292075
404 923 372892 117664967
662 630 417060 118082027
825 112 92400 118174427
631 707 446117 118620544
637 832 529984 119150528
583 659 384197 119534725
251 47 11797 119546522
271 563 152573 119699095
690 953 657570 120356665
31 347 10757 120367422
627 404 253308 120620730
24 930 22320 120643050
873 35 30555 120673605
248 460 114080 120787685
16 424 6784 120794469
9 674 6066 120800535
441 498 219618 121020153
725 72 52200 121072353
626 540 338040 121410393
764 748 571472 121981865
867 602 521934 122503799
885 438 387630 122891429
668 937 625916 123517345
973 416 404768 123922113
333 76 25308 123947421
790 234 184860 124132281
761 575 437575 124569856
404 574 231896 124801752
307 239 73373 124875125
578 186 107508 124982633
399 705 281295 125263928
834 844 703896 125967824
647 557 360379 126328203
550 551 303050 126631253
763 930 709590 127340843
579 304 176016 127516859
126 394 49644 127566503
123 990 121770 127688273
363 828 300564 127988837
66 810 53460 128042297
238 58 13804 128056101
615 798 490770 128546871
450 877 394650 128941521
485 856 415160 129356681
33 198 6534 129363215
382 685 261670 129624885
711 362 257382 129882267
645 252 162540 130044807
561 165 92565 130137372
877 920 806840 130944212
440 17 7480 130951692
151 701 105851 131057543
353 641 226273 131283816
39 274 10686 131294502
657 123 80811 131375313
346 442 152932 131528245
790 227 179330 131707575
60 33 1980 131709555
930 295 274350 131983905
700 474 331800 132315705
552 224 123648 132439353
5 285 1425 132440778
457 368 168176 132608954
233 98 22834 132631788
312 497 155064 132786852
933 575 536475 133323327
859 323 277457 133600784
484 721 348964 133949748
122 560 68320 134018068
749 209 156541 134174609
478 283 135274 134309883
67 742 49714 134359597
494 481 237614 134597211
768 612 470016 135067227
512 595 304640 135371867
658 426 280308 135652175
213 517 110121 135762296
665 992 659680 136421976
891 196 174636 136596612
46 798 36708 136633320
128 259 33152 136666472
115 723 83145 136749617
235 95 22325 136771942
507 424 214968 136986910
680 738 501840 137488750
634 100 63400 137552150
569 333 189477 137741627
185 17 3145 137744772
719 909 653571 138398343
27 357 9639 138407982
734 373 273782 138681764
233 784 182672 138864436
252 863 217476 139081912
741 457 338637 139420549
938 12 11256 139431805
731 521 380851 139812656
399 167 66633 139879289
71 499 35429 139914718
730 287 209510 140124228
422 401 169222 140293450
742 851 631442 140924892
153 315 48195 140973087
206 613 126278 141099365
971 155 150505 141249870
239 834 199326 141449196
163 711 115893 141565089
859 6 5154 141570243
611 142 86762 141657005
874 522 456228 142113233
950 277 263150 142376383
35 822 28770 142405153
934 771 720114 143125267
752 754 567008 143692275
110 865 95150 143787425
804 930 747720 144535145
948 779 738492 145273637
650 833 541450 145815087
986 368 362848 146177935
549 524 287676 146465611
603 67 40401 146506012
486 614 298404 146804416
761 335 254935 147059351
162 639 103518 147162869
410 831 340710 147503579
74 9 666 147504245
365 386 140890 147645135
545 922 502490 148147625
333 104 34632 148182257
357 374 133518 148315775
828 346 286488 148602263
128 556 71168 148673431
277 303 83931 148757362
817 849 693633 149450995
477 520 248040 149699035
263 446 117298 149816333
307 210 64470 149880803
779 78 60762 149941565
624 455 283920 150225485
898 875 785750 151011235
463 295 136585 151147820
293 549 160857 151308677
478 825 394350 151703027
233 939 218787 151921814
680 156 106080 152027894
66 418 27588 152055482
506 752 380512 152435994
685 266 182210 152618204
354 792 280368 152898572
745 146 108770 153007342
926 660 611160 153618502
721 86 62006 153680508
964 815 785660 154466168
333 175 58275 154524443
490 526 257740 154782183
370 894 330780 155112963
686 63 43218 155156181
543 91 49413 155205594
43 96 4128 155209722
278 584 162352 155372074
163 853 139039 155511113
561 872 489192 156000305
896 297 266112 156266417
919 548 503612 156770029
691 41 28331 156798360
272 776 211072 157009432
824 393 323832 157333264
891 874 778734 158111998
843 864 728352 158840350
262 169 44278 158884628
189 651 123039 159007667
453 774 350622 159358289
600 585 351000 159709289
538 508 273304 159982593
254 549 139446 160122039
664 632 419648 160541687
343 605 207515 160749202
967 749 724283 161473485
982 465 456630 161930115
320 945 302400 162232515
769 926 712094 162944609
26 66 1716 162946325
122 617 75274 163021599
125 904 113000 163134599
420 593 249060 163383659
810 984 797040 164180699
789 703 554667 164735366
228 679 154812 164890178
437 39 17043 164907221
255 961 245055 165152276
22 237 5214 165157490
287 360 103320 165260810
153 348 53244 165314054
8 764 6112 165320166
231 703 162393 165482559
418 457 191026 165673585
957 951 910107 166583692
6 320 1920 166585612
168 639 107352 166692964
715 855 611325 167304289
44 209 9196 167313485
767 449 344383 167657868
503 357 179571 167837439
821 550 451550 168288989
76 386 29336 168318325
753 291 219123 168537448
956 734 701704 169239152
206 478 98468 169337620
571 436 248956 169586576
169586576